date,constituency,code,households,owned,owned_outright,owned_mortgage,owned_shared_ownership,rented_social,rented_social_local_authority,rented_social_other,rented_private,rented_private_landlord,rented_private_other,rent_free
2011,Berwick-upon-Tweed,E14000554,33506,21017,11733,9284,103,5859,2895,2964,5531,4787,744,996
2011,Bishop Auckland,E14000569,39058,25340,13078,12262,109,7451,4275,3176,5530,5046,484,628
2011,Blaydon,E14000574,38768,26678,12728,13950,148,8140,6710,1430,3453,3100,353,349
2011,Blyth Valley,E14000575,36049,23485,10225,13260,114,8263,6282,1981,3748,3300,448,439
2011,City of Durham,E14000641,38131,24678,12012,12666,97,7383,5827,1556,5584,5116,468,389
2011,Darlington,E14000658,40740,25612,11520,14092,158,6839,4931,1908,7748,7087,661,383
2011,Easington,E14000677,36073,23024,10409,12615,53,8160,6272,1888,4270,3873,397,566
2011,Gateshead,E14000709,42712,20384,8336,12048,193,14716,11520,3196,7018,6440,578,401
2011,Hartlepool,E14000733,40434,24194,11090,13104,200,9515,4016,5499,5971,5525,446,554
2011,Hexham,E14000746,32612,23063,12853,10210,188,4156,1657,2499,4496,3954,542,709
2011,Houghton and Sunderland South,E14000754,38228,23632,10997,12635,155,10928,5478,5450,3235,2812,423,278
2011,Jarrow,E14000765,36941,22319,9530,12789,75,11338,9805,1533,2911,2592,319,298
2011,Middlesbrough,E14000819,38546,20407,9688,10719,208,9272,4298,4974,7940,7261,679,719
2011,Middlesbrough South and East Cleveland,E14000820,39976,27008,13196,13812,183,7632,3309,4323,4647,4175,472,506
2011,Newcastle upon Tyne Central,E14000831,38239,16387,7143,9244,167,13518,9620,3898,7630,6890,740,537
2011,Newcastle upon Tyne East,E14000832,39548,16137,7312,8825,201,12324,10084,2240,10326,9684,642,560
2011,Newcastle upon Tyne North,E14000833,39366,25431,11803,13628,121,9008,7636,1372,4362,3888,474,444
2011,North Durham,E14000840,38680,25923,11513,14410,86,7873,3590,4283,4430,4005,425,368
2011,North Tyneside,E14000853,47228,28185,11206,16979,229,12676,9249,3427,5751,5141,610,387
2011,North West Durham,E14000856,41135,28801,13660,15141,83,6866,3583,3283,4830,4289,541,555
2011,Redcar,E14000891,38286,25013,12122,12891,201,8318,4441,3877,4356,3910,446,398
2011,Sedgefield,E14000915,36656,24258,11053,13205,80,7660,5319,2341,4263,3840,423,395
2011,South Shields,E14000944,37900,20867,9490,11377,244,11951,8917,3034,4501,4038,463,337
2011,Stockton North,E14000970,38486,24246,10469,13777,117,8783,5138,3645,5040,4533,507,300
2011,Stockton South,E14000971,40673,29979,12816,17163,138,4842,2147,2695,5347,4884,463,367
2011,Sunderland Central,E14000982,43782,25866,12535,13331,105,9309,4284,5025,8108,7434,674,394
2011,Tynemouth,E14001006,44067,30951,14405,16546,145,7001,5361,1640,5549,5005,544,421
2011,Wansbeck,E14001014,36367,23642,11275,12367,105,7563,3986,3577,4642,4184,458,415
2011,Washington and Sunderland West,E14001020,37748,22068,8887,13181,92,12162,6963,5199,3209,2831,378,217
2011,Altrincham and Sale West,E14000532,39939,29587,14119,15468,284,4897,1165,3732,4766,4455,311,405
2011,Ashton-under-Lyne,E14000537,38928,24280,10976,13304,108,8235,2122,6113,5825,5291,534,480
2011,Barrow and Furness,E14000543,40165,29785,15453,14332,64,4316,3407,909,5523,4956,567,477
2011,Birkenhead,E14000559,40029,21189,9590,11599,359,9891,3253,6638,8190,7726,464,400
2011,Blackburn,E14000570,40172,24421,12701,11720,210,8775,2749,6026,6070,5458,612,696
2011,Blackley and Broughton,E14000571,45531,16602,7349,9253,392,16972,10450,6522,10744,10120,624,821
2011,Blackpool North and Cleveleys,E14000572,38074,25756,13148,12608,193,3956,2579,1377,7752,7183,569,417
2011,Blackpool South,E14000573,36523,21955,10532,11423,94,3435,2286,1149,10662,9882,780,377
2011,Bolton North East,E14000578,41183,24974,12321,12653,164,9321,6783,2538,6032,5555,477,692
2011,Bolton South East,E14000579,41400,23781,11205,12576,304,10475,7130,3345,6054,5512,542,786
2011,Bolton West,E14000580,40367,29211,13682,15529,156,6069,4558,1511,4458,4052,406,473
2011,Bootle,E14000581,42586,23900,10118,13782,286,12147,3769,8378,5762,5375,387,491
2011,Burnley,E14000609,37550,24408,11815,12593,79,5281,1418,3863,7267,6664,603,515
2011,Bury North,E14000611,36815,26030,12077,13953,115,5236,3525,1711,4922,4474,448,512
2011,Bury South,E14000612,41298,28365,12762,15603,132,6467,3789,2678,5852,5385,467,482
2011,Carlisle,E14000620,38995,26006,12749,13257,311,6478,1127,5351,5693,5147,546,507
2011,Cheadle,E14000627,37565,31450,16028,15422,220,2314,1277,1037,3229,2885,344,352
2011,Chorley,E14000637,40563,30118,13951,16167,221,5630,1309,4321,4213,3743,470,381
2011,City of Chester,E14000640,41003,26079,13079,13000,353,6645,1931,4714,7374,6685,689,552
2011,Congleton,E14000646,39691,31091,15994,15097,162,4114,797,3317,3896,3530,366,428
2011,Copeland,E14000647,34999,24845,13457,11388,125,6242,2265,3977,3235,2784,451,552
2011,Crewe and Nantwich,E14000653,45340,32168,15359,16809,196,5784,1894,3890,6751,6254,497,441
2011,Denton and Reddish,E14000661,37964,25601,11326,14275,155,6809,2180,4629,4973,4488,485,426
2011,Eddisbury,E14000686,35560,26359,13591,12768,267,4397,1704,2693,4031,3569,462,506
2011,Ellesmere Port and Neston,E14000688,37326,26940,12646,14294,212,6322,5158,1164,3432,3116,316,420
2011,Fylde,E14000706,37288,27534,14935,12599,142,2907,509,2398,6235,5561,674,470
2011,Garston and Halewood,E14000708,42669,25564,11969,13595,292,11415,2578,8837,4865,4469,396,533
2011,Halton,E14000725,40755,26172,11627,14545,155,9586,2217,7369,4383,4012,371,459
2011,Hazel Grove,E14000738,34098,26285,13548,12737,274,4298,2509,1789,2916,2591,325,325
2011,Heywood and Middleton,E14000747,44919,29161,13090,16071,235,9574,5575,3999,5395,4874,521,554
2011,Hyndburn,E14000758,39260,26535,13023,13512,94,5128,1563,3565,7037,6428,609,466
2011,Knowsley,E14000775,43800,26152,11025,15127,177,12455,5578,6877,4416,4076,340,600
2011,Lancaster and Fleetwood,E14000776,34277,22770,11886,10884,190,4104,1675,2429,6727,6103,624,486
2011,Leigh,E14000785,44748,30349,13280,17069,165,7780,6565,1215,5913,5419,494,541
2011,"Liverpool, Riverside",E14000793,52273,15450,7162,8288,445,16674,2316,14358,19094,17537,1557,610
2011,"Liverpool, Walton",E14000794,41041,19326,8401,10925,137,12347,2343,10004,8633,8141,492,598
2011,"Liverpool, Wavertree",E14000795,40221,21201,9904,11297,138,8025,973,7052,10319,9731,588,538
2011,"Liverpool, West Derby",E14000796,38693,21184,8704,12480,175,10820,2455,8365,6006,5593,413,508
2011,Macclesfield,E14000802,40935,30501,15223,15278,232,4762,1110,3652,4986,4551,435,454
2011,Makerfield,E14000805,40952,30507,13932,16575,64,5903,5055,848,4023,3679,344,455
2011,Manchester Central,E14000807,56485,15315,6021,9294,368,20282,8696,11586,19534,18548,986,986
2011,"Manchester, Gorton",E14000808,40300,15765,6620,9145,312,10293,2978,7315,13218,12488,730,712
2011,"Manchester, Withington",E14000809,40885,19216,7886,11330,261,7768,2513,5255,13145,12585,560,495
2011,Morecambe and Lunesdale,E14000825,39036,27869,14748,13121,246,3814,2346,1468,6620,5987,633,487
2011,Oldham East and Saddleworth,E14000870,41244,27121,12755,14366,194,8025,4310,3715,5336,4735,601,568
2011,Oldham West and Royton,E14000871,39456,24852,11510,13342,142,9415,3756,5659,4501,3953,548,546
2011,Pendle,E14000875,37348,25580,13435,12145,73,4333,2104,2229,6760,6192,568,602
2011,Penrith and The Border,E14000877,35686,25636,15428,10208,237,3752,530,3222,5241,4596,645,820
2011,Preston,E14000885,39104,19569,8706,10863,257,9887,2178,7709,8757,8150,607,634
2011,Ribble Valley,E14000894,40823,32106,16433,15673,205,3059,452,2607,4954,4318,636,499
2011,Rochdale,E14000897,42633,24988,11244,13744,105,10673,8096,2577,6161,5637,524,706
2011,Rossendale and Darwen,E14000902,41320,29325,12939,16386,157,5121,1699,3422,6227,5621,606,490
2011,Salford and Eccles,E14000911,49961,22592,9759,12833,256,14414,9422,4992,11927,11333,594,772
2011,Sefton Central,E14000916,35465,30324,16656,13668,80,2118,735,1383,2603,2294,309,340
2011,South Ribble,E14000943,40330,31918,15762,16156,267,4180,580,3600,3584,3173,411,381
2011,Southport,E14000958,39879,28913,15560,13353,298,2798,407,2391,7439,6883,556,431
2011,St Helens North,E14000962,41540,27957,13874,14083,242,8886,2743,6143,3860,3485,375,595
2011,St Helens South and Whiston,E14000963,43337,28961,14011,14950,231,8793,2951,5842,4813,4424,389,539
2011,Stalybridge and Hyde,E14000967,39576,25430,10787,14643,157,8669,2348,6321,4905,4423,482,415
2011,Stockport,E14000969,37804,23114,9712,13402,398,8211,5736,2475,5684,5286,398,397
2011,Stretford and Urmston,E14000979,40964,26359,11889,14470,233,9063,2626,6437,4838,4454,384,471
2011,Tatton,E14000987,36439,27441,14242,13199,199,4114,920,3194,4210,3843,367,475
2011,Wallasey,E14001010,39425,25490,11799,13691,137,5552,1649,3903,7849,7278,571,397
2011,Warrington North,E14001017,40394,27310,12108,15202,327,8238,3746,4492,4174,3741,433,345
2011,Warrington South,E14001018,44746,33605,15098,18507,310,5080,2401,2679,5375,4942,433,376
2011,Weaver Vale,E14001024,37146,25916,11650,14266,413,6666,1538,5128,3821,3457,364,330
2011,West Lancashire,E14001033,38731,27523,13307,14216,221,6311,5464,847,4166,3770,396,510
2011,Westmorland and Lonsdale,E14001037,37611,27120,16763,10357,203,3991,2469,1522,5552,4880,672,745
2011,Wigan,E14001039,44107,27907,13404,14503,83,10080,8636,1444,5325,4888,437,712
2011,Wirral South,E14001043,31022,24496,12797,11699,82,2913,1008,1905,3228,2941,287,303
2011,Wirral West,E14001044,30107,23668,12620,11048,135,2973,1356,1617,3008,2691,317,323
2011,Workington,E14001053,34586,23658,13169,10489,166,6999,963,6036,3237,2820,417,526
2011,Worsley and Eccles South,E14001054,42957,25958,11125,14833,174,11087,6887,4200,5097,4649,448,641
2011,Wyre and Preston North,E14001057,37620,31403,17245,14158,262,1727,159,1568,3774,3340,434,454
2011,Wythenshawe and Sale East,E14001059,45987,23567,9302,14265,279,15210,5682,9528,6322,5808,514,609
2011,Barnsley Central,E14000541,37871,23847,11166,12681,186,7992,6716,1276,5223,4805,418,623
2011,Barnsley East,E14000542,39031,24492,11415,13077,162,9015,7964,1051,4729,4337,392,633
2011,Batley and Spen,E14000548,43571,29215,13188,16027,146,7152,5390,1762,6263,5659,604,795
2011,Beverley and Holderness,E14000556,42949,32441,16676,15765,129,4112,3175,937,5557,4888,669,710
2011,Bradford East,E14000587,40281,23904,10222,13682,284,7495,2853,4642,7892,7215,677,706
2011,Bradford South,E14000588,40818,25830,10258,15572,164,7253,3225,4028,7004,6418,586,567
2011,Bradford West,E14000589,36963,20745,9519,11226,221,6394,2174,4220,8964,8358,606,639
2011,Brigg and Goole,E14000596,36884,26849,13198,13651,96,4384,2527,1857,5006,4540,466,549
2011,Calder Valley,E14000614,45823,31991,15115,16876,237,5979,2086,3893,7022,6362,660,594
2011,Cleethorpes,E14000643,40653,29712,14542,15170,90,4072,1314,2758,6350,5797,553,429
2011,Colne Valley,E14000645,46419,33964,16550,17414,141,4451,3592,859,7189,6529,660,674
2011,Dewsbury,E14000666,43033,29601,14386,15215,165,6902,5845,1057,5563,4998,565,802
2011,Don Valley,E14000667,40612,28451,13943,14508,149,6524,5691,833,4797,4286,511,691
2011,Doncaster Central,E14000668,44497,27628,12829,14799,117,7796,6379,1417,8208,7544,664,748
2011,Doncaster North,E14000669,41378,26681,12481,14200,152,8083,7103,980,5769,5254,515,693
2011,East Yorkshire,E14000683,43945,31439,17519,13920,156,4102,3158,944,7422,6743,679,826
2011,Elmet and Rothwell,E14000689,42308,32417,15998,16419,129,5404,4526,878,3780,3424,356,578
2011,Great Grimsby,E14000716,38612,23330,10235,13095,147,7157,2444,4713,7580,6968,612,398
2011,Halifax,E14000723,42798,26990,12556,14434,160,7515,2667,4848,7523,6752,771,610
2011,Haltemprice and Howden,E14000724,36912,30425,15658,14767,100,2404,2088,316,3540,3209,331,443
2011,Harrogate and Knaresborough,E14000730,44001,31335,15934,15401,273,4033,2203,1830,7800,7152,648,560
2011,Hemsworth,E14000740,40115,26072,12386,13686,189,9034,6572,2462,4422,3920,502,398
2011,Huddersfield,E14000756,40502,23581,11445,12136,160,8020,6059,1961,7926,7337,589,815
2011,Keighley,E14000766,39785,28846,14251,14595,246,3901,1502,2399,6236,5676,560,556
2011,Kingston upon Hull East,E14000771,40028,22178,9063,13115,175,11202,8825,2377,5853,5398,455,620
2011,Kingston upon Hull North,E14000772,39439,19028,7460,11568,121,10840,8001,2839,8937,8228,709,513
2011,Kingston upon Hull West and Hessle,E14000773,39435,19246,7881,11365,224,10194,7525,2669,9170,8692,478,601
2011,Leeds Central,E14000777,57208,18085,7029,11056,328,19442,14709,4733,18307,17508,799,1046
2011,Leeds East,E14000778,39385,20519,9124,11395,123,13004,10130,2874,5025,4638,387,714
2011,Leeds North East,E14000779,39182,25087,11750,13337,156,7093,4361,2732,6271,5825,446,575
2011,Leeds North West,E14000780,33744,20307,10414,9893,118,5110,3622,1488,7786,7332,454,423
2011,Leeds West,E14000781,41147,21185,8362,12823,225,11910,9952,1958,7223,6654,569,604
2011,Morley and Outwood,E14000826,41718,30369,12292,18077,214,5439,4009,1430,5222,4722,500,474
2011,"Normanton, Pontefract and Castleford",E14000836,46607,29400,12989,16411,247,11759,8769,2990,4791,4297,494,410
2011,Penistone and Stocksbridge,E14000876,37846,28697,14076,14621,111,5564,5009,555,3082,2748,334,392
2011,Pudsey,E14000886,38524,28100,12706,15394,215,4682,3963,719,4990,4483,507,537
2011,Richmond (Yorks),E14000895,44047,29511,16839,12672,186,5488,1698,3790,7928,5606,2322,934
2011,Rother Valley,E14000903,39686,29391,14096,15295,87,5364,4352,1012,4247,3833,414,597
2011,Rotherham,E14000904,37358,20928,9650,11278,110,11018,9024,1994,4561,4196,365,741
2011,Scarborough and Whitby,E14000913,44001,28493,16590,11903,269,5629,1078,4551,8858,8102,756,752
2011,Scunthorpe,E14000914,37162,24050,11115,12935,92,7181,3379,3802,5321,4798,523,518
2011,Selby and Ainsty,E14000917,39532,29760,14036,15724,230,4520,3160,1360,4416,3950,466,606
2011,Sheffield Central,E14000919,44984,16345,7287,9058,287,11494,5395,6099,16196,15215,981,662
2011,Sheffield South East,E14000920,39083,25554,11142,14412,199,9468,7342,2126,3536,3102,434,326
2011,"Sheffield, Brightside and Hillsborough",E14000921,43511,21712,9420,12292,131,16301,11510,4791,4940,4472,468,427
2011,"Sheffield, Hallam",E14000922,36519,28237,15002,13235,81,3134,2375,759,4766,4188,578,301
2011,"Sheffield, Heeley",E14000923,42194,24371,10955,13416,132,12824,10670,2154,4544,4049,495,323
2011,Shipley,E14000925,41449,30225,14237,15988,250,4470,1975,2495,5974,5468,506,530
2011,Skipton and Ripon,E14000928,42778,30527,17473,13054,209,3958,1705,2253,7133,6052,1081,951
2011,Thirsk and Malton,E14000993,42235,29058,17653,11405,190,5019,423,4596,6916,5924,992,1052
2011,Wakefield,E14001009,41072,24217,11101,13116,148,10629,7645,2984,5656,5179,477,422
2011,Wentworth and Dearne,E14001028,40872,25970,11929,14041,149,9064,7635,1429,5054,4625,429,635
2011,York Central,E14001061,45282,24022,11446,12576,346,8568,6398,2170,11695,10877,818,651
2011,York Outer,E14001062,38270,31205,16905,14300,285,3111,983,2128,3285,2810,475,384
2011,Amber Valley,E14000533,37829,27414,13905,13509,121,5430,2270,3160,4338,3924,414,526
2011,Ashfield,E14000535,43405,29988,14833,15155,201,7168,5644,1524,5453,4934,519,595
2011,Bassetlaw,E14000546,44005,30293,14772,15521,150,7201,5859,1342,5587,5030,557,774
2011,Bolsover,E14000577,40914,27284,13555,13729,100,7996,6692,1304,4942,4465,477,592
2011,Boston and Skegness,E14000582,43799,27818,15555,12263,406,7242,2282,4960,7692,7027,665,641
2011,Bosworth,E14000583,42552,32357,15635,16722,262,4563,3162,1401,4947,4462,485,423
2011,Broxtowe,E14000607,40515,29764,14985,14779,144,4239,3427,812,5907,5298,609,461
2011,Charnwood,E14000625,39040,31863,16166,15697,250,2756,1793,963,3758,3366,392,413
2011,Chesterfield,E14000632,42181,26661,13672,12989,152,9619,8238,1381,5331,4861,470,418
2011,Corby,E14000648,45062,29876,12430,17446,196,7958,4898,3060,6400,5878,522,632
2011,Daventry,E14000660,38307,27920,13256,14664,293,5121,1493,3628,4445,4014,431,528
2011,Derby North,E14000662,41882,25295,12139,13156,398,8278,5323,2955,7433,6920,513,478
2011,Derby South,E14000663,43537,23673,11037,12636,359,10819,6308,4511,8094,7533,561,592
2011,Derbyshire Dales,E14000664,34003,24790,15125,9665,244,3968,1413,2555,4290,3811,479,711
2011,Erewash,E14000695,41013,29047,13205,15842,219,5672,1808,3864,5601,5169,432,474
2011,Gainsborough,E14000707,39490,28678,15161,13517,376,4362,936,3426,5401,4728,673,673
2011,Gedling,E14000710,40286,29781,14457,15324,231,4307,1763,2544,5570,5046,524,397
2011,Grantham and Stamford,E14000714,44858,30111,14390,15721,406,6425,5075,1350,7151,6571,580,765
2011,Harborough,E14000728,39736,31237,15992,15245,391,3279,1402,1877,4426,4026,400,403
2011,High Peak,E14000748,38946,28059,13693,14366,229,4945,3836,1109,5231,4706,525,482
2011,Kettering,E14000769,39701,27562,12070,15492,342,5187,3506,1681,6048,5533,515,562
2011,Leicester East,E14000782,38145,22190,10495,11695,243,8270,5445,2825,6836,6242,594,606
2011,Leicester South,E14000783,43565,20131,9932,10199,195,10492,6325,4167,12041,11411,630,706
2011,Leicester West,E14000784,41415,18849,7591,11258,336,12508,9278,3230,9122,8554,568,600
2011,Lincoln,E14000792,45114,25781,11588,14193,237,9197,7769,1428,9237,8245,992,662
2011,Loughborough,E14000797,38941,26050,12692,13358,322,5592,3686,1906,6537,6047,490,440
2011,Louth and Horncastle,E14000798,43277,30930,19025,11905,295,4312,969,3343,7005,6081,924,735
2011,Mansfield,E14000810,44928,29908,14658,15250,169,8199,6208,1991,6115,5616,499,537
2011,Mid Derbyshire,E14000814,36039,29079,14953,14126,210,2638,1352,1286,3762,3389,373,350
2011,Newark,E14000829,41691,30268,15462,14806,275,5161,3664,1497,5430,4918,512,557
2011,North East Derbyshire,E14000843,39572,28096,15000,13096,164,7963,7194,769,2999,2636,363,350
2011,North West Leicestershire,E14000858,39128,28360,13581,14779,302,5598,4181,1417,4411,3997,414,457
2011,Northampton North,E14000861,35568,23472,10304,13168,234,5939,4776,1163,5506,5019,487,417
2011,Northampton South,E14000862,40469,22513,8957,13556,598,8361,6114,2247,8459,7906,553,538
2011,Nottingham East,E14000865,42068,16820,7142,9678,236,11883,6605,5278,12479,11833,646,650
2011,Nottingham North,E14000866,41571,20220,8213,12007,191,15310,12611,2699,5215,4790,425,635
2011,Nottingham South,E14000867,42492,19827,9797,10030,359,10293,6960,3333,11404,10677,727,609
2011,Rushcliffe,E14000908,39331,30051,15480,14571,282,3223,891,2332,5408,4981,427,367
2011,Rutland and Melton,E14000909,41882,30376,15999,14377,435,4407,2225,2182,5968,4990,978,696
2011,Sherwood,E14000924,40142,29236,14584,14652,149,5586,3660,1926,4566,4058,508,605
2011,Sleaford and North Hykeham,E14000929,47498,35658,18095,17563,252,4934,3876,1058,5916,4903,1013,738
2011,South Derbyshire,E14000935,38992,29416,13237,16179,131,3877,2984,893,5087,4603,484,481
2011,South Holland and The Deepings,E14000939,42935,31413,16640,14773,308,5296,4131,1165,5328,4722,606,590
2011,South Leicestershire,E14000940,41157,32744,14924,17820,326,3507,808,2699,4218,3768,450,362
2011,South Northamptonshire,E14000942,43820,33288,13561,19727,644,3900,1201,2699,5422,4940,482,566
2011,Wellingborough,E14001025,44803,30518,13281,17237,381,7442,2008,5434,5927,5389,538,535
2011,Aldridge-Brownhills,E14000531,32230,24364,12537,11827,212,4687,2141,2546,2643,2349,294,324
2011,"Birmingham, Edgbaston",E14000560,39709,20440,10013,10427,434,10006,7180,2826,8026,7555,471,803
2011,"Birmingham, Erdington",E14000561,41008,21091,8791,12300,536,11844,6972,4872,6854,6444,410,683
2011,"Birmingham, Hall Green",E14000562,39244,22867,11448,11419,192,6997,2872,4125,8483,7977,506,705
2011,"Birmingham, Hodge Hill",E14000563,39483,21008,10127,10881,414,11140,8271,2869,5991,5535,456,930
2011,"Birmingham, Ladywood",E14000564,47748,13699,6290,7409,531,18235,10738,7497,14149,13502,647,1134
2011,"Birmingham, Northfield",E14000565,43207,24583,10842,13741,553,12999,9728,3271,4431,4021,410,641
2011,"Birmingham, Perry Barr",E14000566,37878,23435,11405,12030,182,6729,2464,4265,6917,6425,492,615
2011,"Birmingham, Selly Oak",E14000567,41125,23258,10702,12556,601,8963,5940,3023,7712,7170,542,591
2011,"Birmingham, Yardley",E14000568,41447,24560,10740,13820,300,9348,7386,1962,6558,6053,505,681
2011,Bromsgrove,E14000605,38290,30436,15554,14882,248,3819,1139,2680,3370,3035,335,417
2011,Burton,E14000610,42692,29087,14390,14697,250,6130,1921,4209,6695,6130,565,530
2011,Cannock Chase,E14000618,40664,28106,12388,15718,248,6880,5291,1589,4938,4509,429,492
2011,Coventry North East,E14000649,44157,24984,11624,13360,293,8858,2886,5972,9452,8780,672,570
2011,Coventry North West,E14000650,42766,28407,13670,14737,245,5244,1818,3426,8404,7705,699,466
2011,Coventry South,E14000651,41669,24489,12350,12139,212,7812,2284,5528,8647,7976,671,509
2011,Dudley North,E14000671,33135,20860,10553,10307,264,8433,6957,1476,2937,2653,284,641
2011,Dudley South,E14000672,33142,22630,11601,11029,101,6794,6054,740,3099,2851,248,518
2011,Halesowen and Rowley Regis,E14000722,36549,24848,12341,12507,185,7395,6003,1392,3516,3197,319,605
2011,Hereford and South Herefordshire,E14000743,41731,27367,15043,12324,410,6694,2228,4466,6572,5765,807,688
2011,Kenilworth and Southam,E14000767,34277,26347,14140,12207,234,3398,1372,2026,3824,3350,474,474
2011,Lichfield,E14000791,38638,29314,15066,14248,240,4916,625,4291,3746,3308,438,422
2011,Ludlow,E14000799,37009,25616,15909,9707,283,4526,1739,2787,5718,5116,602,866
2011,Meriden,E14000812,45081,30962,15297,15665,312,9357,7542,1815,4119,3774,345,331
2011,Mid Worcestershire,E14000818,39645,28657,14793,13864,175,5957,678,5279,4341,3894,447,515
2011,Newcastle-under-Lyme,E14000834,37774,25033,12556,12477,192,7894,2794,5100,4172,3732,440,483
2011,North Herefordshire,E14000847,36588,25647,15824,9823,360,4209,464,3745,5575,4915,660,797
2011,North Shropshire,E14000849,42986,30138,16149,13989,267,5662,2243,3419,6233,5423,810,686
2011,North Warwickshire,E14000854,37641,27321,12935,14386,240,5398,4027,1371,4250,3827,423,432
2011,Nuneaton,E14000868,38088,26660,12152,14508,200,5711,4260,1451,5147,4678,469,370
2011,Redditch,E14000892,37003,24691,10333,14358,141,7475,5716,1759,4269,3883,386,427
2011,Rugby,E14000905,40632,28132,13345,14787,386,5873,3718,2155,5788,5184,604,453
2011,Shrewsbury and Atcham,E14000926,43646,30015,15761,14254,251,6295,1743,4552,6439,5809,630,646
2011,Solihull,E14000931,40975,32597,16930,15667,215,3477,2657,820,4383,4021,362,303
2011,South Staffordshire,E14000945,38466,29113,15323,13790,227,5575,579,4996,3095,2756,339,456
2011,Stafford,E14000965,40292,27943,13897,14046,243,6112,1701,4411,5491,4730,761,503
2011,Staffordshire Moorlands,E14000966,33470,26672,14898,11774,98,2954,1017,1937,3306,2907,399,440
2011,Stoke-on-Trent Central,E14000972,36504,19193,9278,9915,199,9870,6322,3548,6633,6080,553,609
2011,Stoke-on-Trent North,E14000973,41443,25600,12330,13270,111,9436,6819,2617,5607,5201,406,689
2011,Stoke-on-Trent South,E14000974,38294,25369,12188,13181,131,8215,7071,1144,3987,3613,374,592
2011,Stone,E14000975,35839,28174,15134,13040,99,3293,1217,2076,3741,3294,447,532
2011,Stourbridge,E14000976,37493,26925,13467,13458,257,5961,5236,725,3767,3433,334,583
2011,Stratford-on-Avon,E14000977,38624,27584,15386,12198,457,4861,433,4428,5156,4660,496,566
2011,Sutton Coldfield,E14000985,39887,31675,16058,15617,197,3331,1907,1424,4284,3965,319,400
2011,Tamworth,E14000986,38762,27208,11856,15352,170,6875,4568,2307,4119,3713,406,390
2011,Telford,E14000989,36426,22046,8857,13189,168,7985,3324,4661,5831,5321,510,396
2011,The Wrekin,E14000992,36215,24290,11428,12862,153,6086,2818,3268,5179,4399,780,507
2011,Walsall North,E14001011,38189,21096,9932,11164,228,11796,5188,6608,4538,4210,328,531
2011,Walsall South,E14001012,37403,21805,11047,10758,161,9484,3445,6039,5388,4974,414,565
2011,Warley,E14001016,35376,19942,9319,10623,187,8763,6928,1835,5688,5307,381,796
2011,Warwick and Leamington,E14001019,41743,25760,11838,13922,403,6683,4453,2230,8443,7929,514,454
2011,West Bromwich East,E14001029,34834,20287,10302,9985,176,9641,8016,1625,4025,3727,298,705
2011,West Bromwich West,E14001030,35679,19665,8424,11241,231,10768,9058,1710,4272,4013,259,743
2011,West Worcestershire,E14001035,39752,28567,16916,11651,306,5632,638,4994,4588,4105,483,659
2011,Wolverhampton North East,E14001049,36650,19783,9448,10335,157,12289,10498,1791,3731,3407,324,690
2011,Wolverhampton South East,E14001050,35388,19167,9864,9303,124,11321,9406,1915,4081,3786,295,695
2011,Wolverhampton South West,E14001051,35296,22144,11733,10411,145,6441,4101,2340,6017,5664,353,549
2011,Worcester,E14001052,42042,27077,12181,14896,436,6438,2356,4082,7645,7093,552,446
2011,Wyre Forest,E14001058,42985,30360,16196,14164,259,6205,2885,3320,5660,5155,505,501
2011,Basildon and Billericay,E14000544,37404,24912,11520,13392,204,8330,5343,2987,3602,3298,304,356
2011,Bedford,E14000552,41060,24312,11504,12808,335,7961,968,6993,7972,7414,558,480
2011,Braintree,E14000590,40475,28019,12581,15438,246,6213,1456,4757,5546,5037,509,451
2011,Brentwood and Ongar,E14000594,38628,28902,14590,14312,224,4792,3628,1164,4219,3843,376,491
2011,Broadland,E14000603,40464,30735,16821,13914,229,3998,545,3453,4856,4312,544,646
2011,Broxbourne,E14000606,39751,29279,13330,15949,422,5379,1148,4231,4363,4086,277,308
2011,Bury St Edmunds,E14000613,47932,33229,17154,16075,483,6639,3382,3257,6933,5890,1043,648
2011,Cambridge,E14000617,43290,20122,10425,9697,507,10296,6762,3534,11692,10670,1022,673
2011,Castle Point,E14000622,36440,30101,15691,14410,103,1949,1453,496,3968,3584,384,319
2011,Central Suffolk and North Ipswich,E14000624,40740,30436,16261,14175,211,5096,3035,2061,4380,3937,443,617
2011,Chelmsford,E14000628,44183,30874,13757,17117,332,6624,1094,5530,5907,5482,425,446
2011,Clacton,E14000642,39357,28908,18620,10288,153,3049,1425,1624,6752,6162,590,495
2011,Colchester,E14000644,45489,26723,11766,14957,241,7584,4417,3167,10487,9148,1339,454
2011,Epping Forest,E14000693,39751,28266,13412,14854,165,6264,4986,1278,4551,4218,333,505
2011,Great Yarmouth,E14000717,42079,27073,15024,12049,146,7255,5824,1431,6926,6280,646,679
2011,Harlow,E14000729,38878,22854,9053,13801,337,11141,9624,1517,4180,3868,312,366
2011,Harwich and North Essex,E14000734,38128,29072,15845,13227,142,3363,2419,944,5079,4578,501,472
2011,Hemel Hempstead,E14000739,41134,24783,10442,14341,293,10793,8578,2215,4904,4516,388,361
2011,Hertford and Stortford,E14000744,44188,31367,13657,17710,459,5590,866,4724,6230,5804,426,542
2011,Hertsmere,E14000745,39778,26897,12489,14408,471,6932,756,6176,4981,4500,481,497
2011,Hitchin and Harpenden,E14000749,40609,29188,13787,15401,324,5304,2882,2422,5357,4977,380,436
2011,Huntingdon,E14000757,46326,32298,14646,17652,400,6401,1243,5158,6775,6056,719,452
2011,Ipswich,E14000761,47269,25877,11536,14341,306,10129,6422,3707,10404,9812,592,553
2011,Luton North,E14000800,36091,24361,10427,13934,145,5875,4196,1679,5383,4922,461,327
2011,Luton South,E14000801,40766,22415,9317,13098,151,6040,3925,2115,11684,11102,582,476
2011,Maldon,E14000806,36715,29112,14365,14747,146,3458,316,3142,3603,3200,403,396
2011,Mid Bedfordshire,E14000813,40149,29857,13458,16399,327,4475,564,3911,4913,3932,981,577
2011,Mid Norfolk,E14000816,41811,30204,16574,13630,300,4915,866,4049,5717,5006,711,675
2011,North East Bedfordshire,E14000841,42180,31352,13981,17371,507,5350,516,4834,4462,4064,398,509
2011,North East Cambridgeshire,E14000842,47618,33249,16652,16597,288,6188,1003,5185,7188,6553,635,705
2011,North East Hertfordshire,E14000845,39375,26576,12679,13897,220,7694,2345,5349,4377,3981,396,508
2011,North Norfolk,E14000848,38486,27210,17992,9218,176,4869,899,3970,5470,4917,553,761
2011,North West Cambridgeshire,E14000855,51186,34558,14629,19929,463,7145,1905,5240,8430,7358,1072,590
2011,North West Norfolk,E14000859,41328,27976,16138,11838,206,6239,1482,4757,6065,5428,637,842
2011,Norwich North,E14000863,38926,25240,12829,12411,223,7907,5604,2303,5221,4740,481,335
2011,Norwich South,E14000864,44159,19870,10145,9725,339,13535,9808,3727,9895,9160,735,520
2011,Peterborough,E14000878,45844,26419,12030,14389,334,9827,3414,6413,8733,8077,656,531
2011,Rayleigh and Wickford,E14000888,39609,33459,16369,17090,141,2419,896,1523,3315,3009,306,275
2011,Rochford and Southend East,E14000899,42889,25065,11643,13422,232,7056,3342,3714,10113,9508,605,423
2011,Saffron Walden,E14000910,40487,29162,14064,15098,380,5290,2837,2453,5008,4387,621,647
2011,South Basildon and East Thurrock,E14000933,39491,26162,11128,15034,464,8210,5474,2736,4305,3922,383,350
2011,South Cambridgeshire,E14000934,44074,31196,15453,15743,884,6444,3998,2446,4903,4305,598,647
2011,South East Cambridgeshire,E14000937,46926,31888,15503,16385,816,6639,2162,4477,6566,5801,765,1017
2011,South Norfolk,E14000941,41898,31284,17002,14282,381,4833,1161,3672,4688,4192,496,712
2011,South Suffolk,E14000946,39335,28305,15680,12625,187,5133,3424,1709,4938,4228,710,772
2011,South West Bedfordshire,E14000949,42258,30079,12989,17090,362,6247,4423,1824,5124,4651,473,446
2011,South West Hertfordshire,E14000951,42509,31044,15091,15953,171,6031,3110,2921,4821,4257,564,442
2011,South West Norfolk,E14000952,42934,29248,15763,13485,204,5746,1133,4613,6848,5640,1208,888
2011,Southend West,E14000957,38050,27873,13273,14600,97,2669,1922,747,7098,6638,460,313
2011,St Albans,E14000960,39384,27544,12698,14846,260,5279,3388,1891,5888,5485,403,413
2011,Stevenage,E14000968,39247,23460,9318,14142,440,10562,8173,2389,4463,4073,390,322
2011,Suffolk Coastal,E14000981,44173,31349,19189,12160,205,5654,1115,4539,6252,5531,721,713
2011,Thurrock,E14000995,45898,28267,9890,18377,269,9939,8872,1067,7070,6677,393,353
2011,Watford,E14001021,46322,29962,12260,17702,489,7320,1834,5486,8189,7667,522,362
2011,Waveney,E14001022,44808,30947,17510,13437,179,6288,3554,2734,6866,6278,588,528
2011,Welwyn Hatfield,E14001027,41520,23176,10493,12683,391,11659,8651,3008,5747,5380,367,547
2011,West Suffolk,E14001034,46488,28850,13751,15099,497,7162,2749,4413,8715,7723,992,1264
2011,Witham,E14001045,36748,26915,12825,14090,153,5152,1569,3583,4105,3674,431,423
2011,Barking,E14000540,45172,19403,6613,12790,684,16193,13752,2441,8448,7889,559,444
2011,Battersea,E14000549,48044,20177,8006,12171,854,11293,6950,4343,15226,14473,753,494
2011,Beckenham,E14000551,36705,28220,13796,14424,176,2973,282,2691,4965,4658,307,371
2011,Bermondsey and Old Southwark,E14000553,55103,13447,4243,9204,1440,23972,16953,7019,15477,14475,1002,767
2011,Bethnal Green and Bow,E14000555,48590,11354,4058,7296,1095,20733,10394,10339,14862,13947,915,546
2011,Bexleyheath and Crayford,E14000558,35103,25586,11314,14272,246,5548,848,4700,3435,3133,302,288
2011,Brent Central,E14000591,50129,17726,8323,9403,894,14549,5091,9458,16257,15664,593,703
2011,Brent North,E14000592,40887,22621,11054,11567,586,6201,2226,3975,10885,10327,558,594
2011,Brentford and Isleworth,E14000593,51083,25274,11041,14233,1108,10464,7062,3402,13599,13012,587,638
2011,Bromley and Chislehurst,E14000604,37027,25036,11327,13709,302,6361,715,5646,4952,4626,326,376
2011,Camberwell and Peckham,E14000615,50392,13637,4266,9371,897,25515,18737,6778,9775,9213,562,568
2011,Carshalton and Wallington,E14000621,38407,24908,9854,15054,367,7892,4631,3261,4974,4636,338,266
2011,Chelsea and Fulham,E14000629,49644,20009,11279,8730,566,11243,5976,5267,16576,15675,901,1250
2011,Chingford and Woodford Green,E14000634,35404,24366,11424,12942,319,5354,2913,2441,5018,4689,329,347
2011,Chipping Barnet,E14000636,44364,29565,14193,15372,397,5202,3133,2069,8558,8073,485,642
2011,Cities of London and Westminster,E14000639,56672,17876,11123,6753,478,12186,4698,7488,23859,22348,1511,2273
2011,Croydon Central,E14000654,46885,25921,10739,15182,590,10461,6351,4110,9455,8950,505,458
2011,Croydon North,E14000655,53398,27020,9822,17198,839,10682,5389,5293,14159,13379,780,698
2011,Croydon South,E14000656,44727,32289,14321,17968,426,4744,2622,2122,6858,6433,425,410
2011,Dagenham and Rainham,E14000657,40069,24415,10928,13487,302,9560,7486,2074,5465,5123,342,327
2011,Dulwich and West Norwood,E14000673,46444,19072,6824,12248,488,15065,8556,6509,11319,10683,636,500
2011,Ealing Central and Acton,E14000674,48939,22268,10437,11831,1000,8120,3874,4246,16812,16225,587,739
2011,Ealing North,E14000675,43710,24046,10151,13895,669,8673,6098,2575,9751,9302,449,571
2011,"Ealing, Southall",E14000676,31433,17106,7826,9280,505,5679,3035,2644,7619,7169,450,524
2011,East Ham,E14000679,46009,17575,6777,10798,498,11325,7037,4288,16047,15326,721,564
2011,Edmonton,E14000687,41506,20406,8787,11619,483,10192,6389,3803,9754,9342,412,671
2011,Eltham,E14000690,35884,21042,8865,12177,267,9886,7611,2275,4311,3979,332,378
2011,Enfield North,E14000691,40231,23981,10138,13843,387,7571,5277,2294,7780,7395,385,512
2011,"Enfield, Southgate",E14000692,38179,25075,12527,12548,217,3310,2000,1310,9057,8658,399,520
2011,Erith and Thamesmead,E14000696,41619,21602,8149,13453,573,11419,3693,7726,7635,7177,458,390
2011,Feltham and Heston,E14000701,43819,22288,9007,13281,1137,11218,7234,3984,8607,8087,520,569
2011,Finchley and Golders Green,E14000703,46640,25474,13221,12253,270,5147,2748,2399,14910,14286,624,839
2011,Greenwich and Woolwich,E14000718,46358,14968,5265,9703,1004,18202,12113,6089,11656,10870,786,528
2011,Hackney North and Stoke Newington,E14000720,50948,13785,5186,8599,1006,19003,9581,9422,16550,15820,730,604
2011,Hackney South and Shoreditch,E14000721,50742,10394,3411,6983,1368,25427,14582,10845,12899,12292,607,654
2011,Hammersmith,E14000726,52319,16087,7265,8822,792,17958,8719,9239,16716,15873,843,766
2011,Hampstead and Kilburn,E14000727,58341,22269,11433,10836,351,13671,8632,5039,21066,20276,790,984
2011,Harrow East,E14000731,35102,23710,11561,12149,288,3670,2276,1394,6926,6396,530,508
2011,Harrow West,E14000732,37129,22265,9944,12321,487,4049,1992,2057,9792,9242,550,536
2011,Hayes and Harlington,E14000737,37412,20394,8015,12379,735,7940,4655,3285,7884,7487,397,459
2011,Hendon,E14000741,44912,23311,10691,12620,524,8985,5783,3202,11386,10816,570,706
2011,Holborn and St Pancras,E14000750,58463,16076,8250,7826,479,24465,17210,7255,16407,15223,1184,1036
2011,Hornchurch and Upminster,E14000751,42278,31420,15869,15551,148,6732,5688,1044,3624,3318,306,354
2011,Hornsey and Wood Green,E14000752,53065,24163,10032,14131,657,10499,6470,4029,17109,16525,584,637
2011,Ilford North,E14000759,37867,25911,11341,14570,304,5006,3554,1452,6206,5795,411,440
2011,Ilford South,E14000760,41952,23825,10066,13759,529,4388,1848,2540,12693,12114,579,517
2011,Islington North,E14000763,46490,14064,5311,8753,565,18756,12404,6352,12552,11996,556,553
2011,Islington South and Finsbury,E14000764,47066,12500,5276,7224,642,20586,12610,7976,12665,11958,707,673
2011,Kensington,E14000768,57163,19308,12166,7142,599,15203,5189,10014,20371,19343,1028,1682
2011,Kingston and Surbiton,E14000770,47550,30259,13012,17247,329,5913,4161,1752,10605,9972,633,444
2011,Lewisham East,E14000787,42482,21228,7959,13269,284,11625,4477,7148,8953,8439,514,392
2011,Lewisham West and Penge,E14000788,46798,22140,7718,14422,523,13729,4863,8866,9994,9453,541,412
2011,"Lewisham, Deptford",E14000789,47496,16326,5216,11110,900,15883,9263,6620,13869,13159,710,518
2011,Leyton and Wanstead,E14000790,39159,18340,7934,10406,313,8061,3015,5046,12036,11518,518,409
2011,Mitcham and Morden,E14000823,38997,21896,8516,13380,399,7862,2096,5766,8477,7970,507,363
2011,Old Bexley and Sidcup,E14000869,34685,27675,13119,14556,244,2984,306,2678,3523,3240,283,259
2011,Orpington,E14000872,36445,29063,14906,14157,287,3906,471,3435,2876,2559,317,313
2011,Poplar and Limehouse,E14000882,52667,13198,4590,8608,1288,19373,7154,12219,18102,17280,822,706
2011,Putney,E14000887,39373,18352,8151,10201,601,8044,6648,1396,11952,11203,749,424
2011,Richmond Park,E14000896,48830,29761,14383,15378,303,6296,2155,4141,11819,11128,691,651
2011,Romford,E14000900,39361,28784,13123,15661,358,4773,3320,1453,5128,4830,298,318
2011,"Ruislip, Northwood and Pinner",E14000906,37548,27505,14250,13255,163,4319,2857,1462,5165,4634,531,396
2011,Streatham,E14000978,47786,18808,6638,12170,611,12814,7121,5693,15099,14444,655,454
2011,Sutton and Cheam,E14000984,39767,28244,12503,15741,244,3530,1790,1740,7455,7035,420,294
2011,Tooting,E14000998,43076,20864,7910,12954,456,7179,3154,4025,14139,13495,644,438
2011,Tottenham,E14001002,48890,15440,6294,9146,876,16743,10818,5925,14986,14399,587,845
2011,Twickenham,E14001005,47094,31492,14088,17404,403,5344,1387,3957,9328,8701,627,527
2011,Uxbridge and South Ruislip,E14001007,37291,24138,10397,13741,428,5697,3858,1839,6698,6097,601,330
2011,Vauxhall,E14001008,50714,13251,4612,8639,1004,20897,11757,9140,14956,13960,996,606
2011,Walthamstow,E14001013,41584,18902,6542,12360,556,9856,5340,4516,11806,11244,562,464
2011,West Ham,E14001032,55510,16247,6216,10031,1308,18767,11555,7212,18523,17792,731,665
2011,Westminster North,E14001036,53485,16266,8662,7604,420,15887,8303,7584,19663,18835,828,1249
2011,Wimbledon,E14001040,39760,24793,11644,13149,272,3240,791,2449,11026,10508,518,429
2011,Aldershot,E14000530,40195,26298,9842,16456,678,6136,792,5344,6753,4926,1827,330
2011,Arundel and South Downs,E14000534,41540,31558,17553,14005,213,4286,975,3311,4680,4103,577,803
2011,Ashford,E14000536,45777,31057,14320,16737,620,6772,4601,2171,6653,6001,652,675
2011,Aylesbury,E14000538,43035,29915,12605,17310,405,5720,1654,4066,6538,5360,1178,457
2011,Banbury,E14000539,47040,31869,13584,18285,350,6042,1238,4804,8024,7236,788,755
2011,Basingstoke,E14000545,44684,28740,10660,18080,783,9296,389,8907,5533,5141,392,332
2011,Beaconsfield,E14000550,40344,29802,15315,14487,457,4743,1494,3249,4781,4276,505,561
2011,Bexhill and Battle,E14000557,44589,33442,19675,13767,261,3964,979,2985,6288,5716,572,634
2011,Bognor Regis and Littlehampton,E14000576,43456,30553,17130,13423,428,4240,2197,2043,7774,7252,522,461
2011,Bracknell,E14000586,42061,28964,10942,18022,438,7454,2779,4675,4771,4013,758,434
2011,"Brighton, Kemptown",E14000597,40128,21735,10735,11000,384,8817,6347,2470,8645,8054,591,547
2011,"Brighton, Pavilion",E14000598,44732,23940,9945,13995,437,5221,3029,2192,14625,13871,754,509
2011,Buckingham,E14000608,38845,29404,14124,15280,260,4356,1409,2947,4193,3724,469,632
2011,Canterbury,E14000619,43070,27121,14883,12238,334,5997,4079,1918,8959,7996,963,659
2011,Chatham and Aylesford,E14000626,39172,25988,10147,15841,531,6356,889,5467,5952,5503,449,345
2011,Chesham and Amersham,E14000631,36946,28418,15191,13227,257,4573,657,3916,3314,3039,275,384
2011,Chichester,E14000633,45794,30881,18621,12260,426,6796,991,5805,6781,5820,961,910
2011,Crawley,E14000652,42727,25228,9480,15748,588,10194,7954,2240,6214,5789,425,503
2011,Dartford,E14000659,42486,28827,12211,16616,566,6160,4365,1795,6500,6099,401,433
2011,Dover,E14000670,42260,27845,14601,13244,211,6151,3765,2386,7395,6630,765,658
2011,East Hampshire,E14000680,38897,27936,14058,13878,398,5072,663,4409,4864,4050,814,627
2011,East Surrey,E14000681,42399,31732,14946,16786,417,4605,2747,1858,5123,4599,524,522
2011,East Worthing and Shoreham,E14000682,41852,30873,15246,15627,224,4591,2935,1656,5731,5190,541,433
2011,Eastbourne,E14000684,48518,30901,16976,13925,305,6032,3402,2630,10758,9964,794,522
2011,Eastleigh,E14000685,43281,30803,13238,17565,498,6087,548,5539,5537,5040,497,356
2011,Epsom and Ewell,E14000694,41434,32533,15943,16590,329,3511,363,3148,4738,4320,418,323
2011,Esher and Walton,E14000697,43691,32207,15085,17122,354,4622,987,3635,6005,5580,425,503
2011,Fareham,E14000699,40548,32391,15320,17071,254,3434,2124,1310,4113,3522,591,356
2011,Faversham and Mid Kent,E14000700,37820,26977,12900,14077,318,6042,1108,4934,3922,3473,449,561
2011,Folkestone and Hythe,E14000704,49389,32343,17624,14719,232,5454,3385,2069,10716,9729,987,644
2011,Gillingham and Rainham,E14000711,39657,27953,12408,15545,249,4136,2732,1404,6941,6480,461,378
2011,Gosport,E14000713,41461,28184,13372,14812,404,6166,3543,2623,6309,4890,1419,398
2011,Gravesham,E14000715,40431,26099,12408,13691,305,7008,5628,1380,6524,6108,416,495
2011,Guildford,E14000719,41361,27572,13725,13847,627,5666,4241,1425,6904,6297,607,592
2011,Hastings and Rye,E14000735,49289,28837,15018,13819,235,6905,929,5976,12752,11942,810,560
2011,Havant,E14000736,38976,25990,13374,12616,207,8322,4463,3859,4033,3548,485,424
2011,Henley,E14000742,39256,29185,15852,13333,265,3942,535,3407,5167,4178,989,697
2011,Horsham,E14000753,42310,31138,14635,16503,341,4912,424,4488,5240,4676,564,679
2011,Hove,E14000755,46090,26234,11298,14936,309,4925,2944,1981,14045,13381,664,577
2011,Isle of Wight,E14000762,61085,42817,25091,17726,362,6523,598,5925,10639,9663,976,744
2011,Lewes,E14000786,38639,28264,16257,12007,229,4149,3012,1137,5457,4960,497,540
2011,Maidenhead,E14000803,40783,29944,14518,15426,266,4608,787,3821,5390,4884,506,575
2011,Maidstone and The Weald,E14000804,41147,28273,13404,14869,497,4536,656,3880,7304,6546,758,537
2011,Meon Valley,E14000811,37147,28621,14268,14353,228,3954,2014,1940,3829,3386,443,515
2011,Mid Sussex,E14000817,43704,32187,15023,17164,459,4735,249,4486,5842,5406,436,481
2011,Milton Keynes North,E14000821,48572,28284,10760,17524,2430,8215,4978,3237,9195,8559,636,448
2011,Milton Keynes South,E14000822,50012,28629,10397,18232,3555,9548,5823,3725,7871,7371,500,409
2011,Mole Valley,E14000824,39589,29140,15667,13473,373,4681,984,3697,4781,4203,578,614
2011,New Forest East,E14000827,38895,29220,15459,13761,229,4555,2512,2043,4419,3741,678,472
2011,New Forest West,E14000828,37944,28383,17971,10412,255,3885,2673,1212,4874,4412,462,547
2011,Newbury,E14000830,43863,29253,13103,16150,565,6684,475,6209,6569,5787,782,792
2011,North East Hampshire,E14000844,37864,29107,13383,15724,413,3215,213,3002,4615,3685,930,514
2011,North Thanet,E14000852,40720,27269,14329,12940,234,4737,2325,2412,7967,7240,727,513
2011,North West Hampshire,E14000857,41468,28549,13242,15307,324,6756,1543,5213,5126,4287,839,713
2011,Oxford East,E14000873,43342,19608,9522,10086,830,10452,6689,3763,11729,10976,753,723
2011,Oxford West and Abingdon,E14000874,42869,28785,15334,13451,386,4988,1658,3330,7880,7057,823,830
2011,Portsmouth North,E14000883,39612,26764,11798,14966,284,6053,3944,2109,6093,5198,895,418
2011,Portsmouth South,E14000884,45861,20133,8818,11315,541,9558,6057,3501,15005,13846,1159,624
2011,Reading East,E14000889,42883,25313,10968,14345,645,5122,2793,2329,11409,10814,595,394
2011,Reading West,E14000890,41409,26420,10990,15430,591,6980,4069,2911,7011,6532,479,407
2011,Reigate,E14000893,40355,29135,13092,16043,519,4943,1028,3915,5363,4980,383,395
2011,Rochester and Strood,E14000898,42574,28994,12748,16246,596,5857,795,5062,6641,5867,774,486
2011,Romsey and Southampton North,E14000901,34729,23749,12440,11309,212,4635,2065,2570,5518,4691,827,615
2011,Runnymede and Weybridge,E14000907,41945,29184,13861,15323,365,4806,3034,1772,6975,6390,585,615
2011,Sevenoaks,E14000918,38136,27794,14197,13597,626,4990,621,4369,4151,3718,433,575
2011,Sittingbourne and Sheppey,E14000927,43829,29870,13406,16464,472,6069,981,5088,6947,6392,555,471
2011,Slough,E14000930,48233,25551,9115,16436,629,10112,6623,3489,11454,10865,589,487
2011,South Thanet,E14000948,42544,26921,14702,12219,172,4925,2166,2759,9960,9265,695,566
2011,South West Surrey,E14000953,41754,30511,15231,15280,422,5241,4048,1193,4893,4400,493,687
2011,"Southampton, Itchen",E14000955,44125,23323,9938,13385,554,10526,8035,2491,9251,8714,537,471
2011,"Southampton, Test",E14000956,43984,20380,8754,11626,371,10148,7237,2911,12618,11987,631,467
2011,Spelthorne,E14000959,39512,28671,13403,15268,540,4911,636,4275,5004,4633,371,386
2011,Surrey Heath,E14000983,41873,32054,14378,17676,329,4177,1030,3147,4905,4171,734,408
2011,Tonbridge and Malling,E14000997,39425,27562,13317,14245,598,6424,821,5603,4279,3830,449,562
2011,Tunbridge Wells,E14001004,43410,28530,13730,14800,329,6509,532,5977,7524,7000,524,518
2011,Wantage,E14001015,43107,29940,14314,15626,544,6022,930,5092,5984,4737,1247,617
2011,Wealden,E14001023,41460,31994,16469,15525,380,3774,2261,1513,4569,4092,477,743
2011,Winchester,E14001041,39310,26964,14364,12600,359,5937,3897,2040,5383,4603,780,667
2011,Windsor,E14001042,41557,28078,12520,15558,296,4788,621,4167,7531,6390,1141,864
2011,Witney,E14001046,43241,30141,14915,15226,548,5387,738,4649,6423,5108,1315,742
2011,Woking,E14001047,41878,29445,13388,16057,388,4923,3460,1463,6718,5899,819,404
2011,Wokingham,E14001048,39745,30344,12917,17427,645,3260,1562,1698,5083,4376,707,413
2011,Worthing West,E14001055,44231,31633,18041,13592,225,4390,1145,3245,7569,7013,556,414
2011,Wycombe,E14001056,41557,27313,11549,15764,567,6079,3829,2250,7049,6289,760,549
2011,Bath,E14000547,37700,21550,11523,10027,234,6597,1494,5103,8827,8215,612,492
2011,Bournemouth East,E14000584,45851,26537,12433,14104,297,4369,1954,2415,14203,13383,820,445
2011,Bournemouth West,E14000585,43813,25090,12492,12598,311,6265,3731,2534,11657,10916,741,490
2011,Bridgwater and West Somerset,E14000595,45979,31332,17585,13747,229,6536,2875,3661,7117,6321,796,765
2011,Bristol East,E14000599,41082,25688,11306,14382,279,6579,4562,2017,8028,7447,581,508
2011,Bristol North West,E14000600,41579,25237,12577,12660,260,9812,7971,1841,5650,5229,421,620
2011,Bristol South,E14000601,46316,26249,11795,14454,387,11216,8752,2464,7812,7240,572,652
2011,Bristol West,E14000602,53770,21534,9250,12284,459,9476,5209,4267,21538,20485,1053,763
2011,Camborne and Redruth,E14000616,36215,25408,14296,11112,273,4340,1190,3150,5709,5073,636,485
2011,Central Devon,E14000623,37931,27834,15998,11836,265,3563,1510,2053,5681,5084,597,588
2011,Cheltenham,E14000630,46137,29063,14279,14784,350,5867,3813,2054,10372,9763,609,485
2011,Chippenham,E14000635,40405,28988,13753,15235,250,5832,617,5215,4901,4412,489,434
2011,Christchurch,E14000638,37643,29754,18867,10887,234,3826,299,3527,3476,3099,377,353
2011,Devizes,E14000665,37851,22597,11553,11044,372,7033,1102,5931,7075,4049,3026,774
2011,East Devon,E14000678,41627,31047,18872,12175,288,3758,2598,1160,5926,5217,709,608
2011,Exeter,E14000698,43900,25472,12605,12867,397,8001,4566,3435,9482,8836,646,548
2011,Filton and Bradley Stoke,E14000702,38067,27121,11739,15382,185,3839,750,3089,6537,6070,467,385
2011,Forest of Dean,E14000705,35858,26771,14785,11986,189,4339,788,3551,3996,3408,588,563
2011,Gloucester,E14000712,46444,30416,12964,17452,543,6651,3887,2764,8387,7686,701,447
2011,Kingswood,E14000774,36098,26964,12193,14771,167,4205,798,3407,4374,3795,579,388
2011,Mid Dorset and North Poole,E14000815,33922,26397,14197,12200,200,3340,798,2542,3623,3239,384,362
2011,Newton Abbot,E14000835,37397,27268,14915,12353,372,3349,784,2565,5975,5399,576,433
2011,North Cornwall,E14000837,37449,25633,15669,9964,266,4708,3135,1573,6135,5417,718,707
2011,North Devon,E14000838,40001,27383,15638,11745,271,4316,971,3345,7341,6377,964,690
2011,North Dorset,E14000839,39709,28567,15781,12786,242,4808,370,4438,5349,4329,1020,743
2011,North East Somerset,E14000846,35815,27518,14304,13214,134,4017,1034,2983,3620,3193,427,526
2011,North Somerset,E14000850,42037,33339,17034,16305,301,3249,1087,2162,4732,4244,488,416
2011,North Swindon,E14000851,45218,31225,11985,19240,434,6717,5058,1659,6470,5904,566,372
2011,North Wiltshire,E14000860,35690,25861,12697,13164,231,3962,436,3526,5080,3684,1396,556
2011,"Plymouth, Moor View",E14000879,38616,23281,10800,12481,269,10643,5554,5089,3981,3157,824,442
2011,"Plymouth, Sutton and Devonport",E14000880,47877,22580,9644,12936,390,9108,3463,5645,15251,14170,1081,548
2011,Poole,E14000881,42200,28645,14795,13850,434,4865,2895,1970,7777,7053,724,479
2011,Salisbury,E14000912,38683,25223,13257,11966,374,6261,4145,2116,6133,5055,1078,692
2011,Somerton and Frome,E14000932,43958,31833,17498,14335,259,5106,1347,3759,5910,5226,684,850
2011,South Dorset,E14000936,40213,26997,15526,11471,255,5359,1516,3843,7006,6081,925,596
2011,South East Cornwall,E14000938,38799,27607,15639,11968,279,4654,3324,1330,5624,4888,736,635
2011,South Swindon,E14000947,43142,26677,10764,15913,684,7665,5211,2454,7699,7116,583,417
2011,South West Devon,E14000950,37194,29261,15074,14187,350,2516,560,1956,4689,3793,896,378
2011,South West Wiltshire,E14000954,41565,28414,14474,13940,236,5503,1304,4199,6779,5703,1076,633
2011,St Austell and Newquay,E14000961,41894,28765,15863,12902,388,4357,1002,3355,7788,6872,916,596
2011,St Ives,E14000964,37741,25197,15506,9691,228,4900,866,4034,6623,5595,1028,793
2011,Stroud,E14000980,42379,30897,15859,15038,277,5394,4231,1163,5256,4790,466,555
2011,Taunton Deane,E14000988,46907,31393,16329,15064,251,7321,5439,1882,7227,6506,721,715
2011,Tewkesbury,E14000990,42146,31702,16421,15281,351,4511,1024,3487,5111,4287,824,471
2011,The Cotswolds,E14000991,41651,27894,16019,11875,449,6091,1215,4876,6053,5265,788,1164
2011,Thornbury and Yate,E14000994,33373,26501,13118,13383,145,2589,515,2074,3689,3259,430,449
2011,Tiverton and Honiton,E14000996,42801,30522,18169,12353,325,4984,3426,1558,6215,5557,658,755
2011,Torbay,E14000999,43898,28475,14971,13504,378,3272,348,2924,11345,10530,815,428
2011,Torridge and West Devon,E14001000,42129,30515,18309,12206,287,3876,936,2940,6702,6005,697,749
2011,Totnes,E14001001,37590,26424,16552,9872,408,4513,625,3888,5715,5066,649,530
2011,Truro and Falmouth,E14001003,39280,26326,15453,10873,331,4875,3437,1438,7020,6297,723,728
2011,Wells,E14001026,44049,31609,17584,14025,361,4783,1628,3155,6644,5995,649,652
2011,West Dorset,E14001031,42766,29609,18855,10754,359,5966,353,5613,5926,5278,648,906
2011,Weston-Super-Mare,E14001038,46190,31026,15440,15586,241,4854,2017,2837,9538,8814,724,531
2011,Yeovil,E14001060,46096,31742,16782,14960,387,6984,2132,4852,6360,5357,1003,623
2011,Ynys Mon,W07000041,30594,20971,12444,8527,63,4487,3899,588,4324,3699,625,749
2011,Delyn,W07000042,29367,21469,10874,10595,147,4557,3440,1117,2895,2506,389,299
2011,Alyn and Deeside,W07000043,34414,24982,11523,13459,193,5094,3769,1325,3834,3408,426,311
2011,Wrexham,W07000044,29873,18813,9123,9690,114,6533,5550,983,3910,3558,352,503
2011,Llanelli,W07000045,34961,24128,13205,10923,70,5963,4633,1330,4221,3760,461,579
2011,Gower,W07000046,33551,25985,13955,12030,76,3666,2687,979,3281,2856,425,543
2011,Swansea West,W07000047,35039,19038,10592,8446,126,7902,4625,3277,7355,6728,627,618
2011,Swansea East,W07000048,34907,21236,10029,11207,106,8310,5792,2518,4624,4104,520,631
2011,Aberavon,W07000049,28569,19094,9896,9198,59,5689,3843,1846,3172,2780,392,555
2011,Cardiff Central,W07000050,33469,16598,7836,8762,147,4135,1608,2527,12162,11404,758,427
2011,Cardiff North,W07000051,35865,26857,12916,13941,216,3559,2092,1467,4825,4379,446,408
2011,Rhondda,W07000052,30417,21357,12239,9118,35,3715,1876,1839,4831,4388,443,479
2011,Torfaen,W07000053,34065,22101,10255,11846,190,8472,3623,4849,2958,2587,371,344
2011,Monmouth,W07000054,35606,26162,14743,11419,123,4878,1439,3439,3922,3458,464,521
2011,Newport East,W07000055,31930,21189,9874,11315,151,5861,2824,3037,4291,3920,371,438
2011,Newport West,W07000056,36328,23480,10802,12678,201,7299,3525,3774,4846,4450,396,502
2011,Arfon,W07000057,24204,15117,8063,7054,65,4691,2538,2153,3766,3313,453,565
2011,Aberconwy,W07000058,25328,17665,10449,7216,134,3008,1164,1844,4100,3696,404,421
2011,Clwyd West,W07000059,32212,22593,12661,9932,270,3598,1858,1740,5214,4700,514,537
2011,Vale of Clwyd,W07000060,30825,20809,10895,9914,225,4125,2503,1622,5181,4692,489,485
2011,Dwyfor Meirionnydd,W07000061,28269,19207,13105,6102,106,3870,1847,2023,4294,3665,629,792
2011,Clwyd South,W07000062,30514,19685,9582,10103,113,6810,5742,1068,3350,2943,407,556
2011,Montgomeryshire,W07000063,27557,18691,11604,7087,88,4101,2629,1472,4093,3619,474,584
2011,Ceredigion,W07000064,31562,21323,13821,7502,110,3196,1008,2188,6275,5653,622,658
2011,Preseli Pembrokeshire,W07000065,33173,22991,14056,8935,93,5287,3717,1570,4237,3563,674,565
2011,Carmarthen West and South Pembrokeshire,W07000066,33303,22926,13896,9030,82,4813,3219,1594,4879,4333,546,603
2011,Carmarthen East and Dinefwr,W07000067,30514,22839,13798,9041,73,3921,3086,835,3152,2720,432,529
2011,Brecon and Radnorshire,W07000068,30788,21399,14022,7377,91,4060,2742,1318,4545,3903,642,693
2011,Neath,W07000069,31824,22385,12080,10305,52,5856,3653,2203,3014,2624,390,517
2011,Cynon Valley,W07000070,29663,20461,10903,9558,37,4729,2493,2236,4009,3691,318,427
2011,Merthyr Tydfil and Rhymney,W07000071,31272,20144,10561,9583,52,7035,4022,3013,3520,3136,384,521
2011,Blaenau Gwent,W07000072,30416,18884,10019,8865,40,7284,3364,3920,3892,3480,412,316
2011,Bridgend,W07000073,33368,24106,11517,12589,100,4577,1177,3400,4149,3661,488,436
2011,Ogmore,W07000074,31501,22734,10762,11972,60,4583,1662,2921,3727,3222,505,397
2011,Pontypridd,W07000075,33229,24450,11376,13074,61,4168,1960,2208,4076,3682,394,474
2011,Caerphilly,W07000076,35941,25271,11299,13972,116,6259,4548,1711,3994,3597,397,301
2011,Islwyn,W07000077,31530,22060,10605,11455,90,5786,4273,1513,3290,2945,345,304
2011,Vale of Glamorgan,W07000078,41005,29276,14132,15144,101,5355,3447,1908,5846,5036,810,427
2011,Cardiff West,W07000079,38855,23855,10632,13223,101,7961,5227,2734,6339,5858,481,599
2011,Cardiff South and Penarth,W07000080,46868,26323,11226,15097,199,9718,5198,4520,9861,9075,786,767